8
14
30
33
36
40
43
44
45
46
48
55
58
63
73
81
84
85
88
89
90
96
98
100
104
106
109
110
111
113
121
122
126
129
135
136
139
140
141
145
151
152
153
154
159
164
168
171
173
181
185
189
190
194
209
210
213
220
227
229
232
233
239
242
247
248
249
255
277
280
281
289
293
295
299
302
306
326
339
347
359
364
372
378
384
386
391
396
403
404
441
452
462
469
470
477
481
483
486
490
496
499
516
521
523
526
528
534
540
542
552
564
572
585
586
591
593
607
608
610
613
624
638
646
649
651
653
655
666
668
671
673
675
678
682
683
690
694
696
703
704
706
710
715
717
725
736
737
745
754
762
765
769
797
800
807
820
822
823
824
831
834
836
849
854
858
872
875
883
908
927
941
945
946
954
973
975
1005
1018
1019
1022
1030
1035
1037
1050
1077
1081
1086
1097
1109
1111
1114
1131
1162
1169
1175
1190
1227
1231
